10_b.txt 19 24 0 70
10_g.txt 14 12 0 61
11_b.txt 38 29 0 52
11_g.txt 32 33 0 43
12_b.txt 20 14 0 102
12_g.txt 17 10 0 41
13_b.txt 17 17 0 94
13_g.txt 7 19 0 57
14_b.txt 42 23 0 72
14_g.txt 23 13 0 60
15_b.txt 53 58 0 175
15_g.txt 20 10 0 27
16_b.txt 38 42 0 123
16_g.txt 11 2 0 96
17_g.txt 31 21 0 67
18_b.txt 33 20 0 135
18_g.txt 13 11 0 81
19_b.txt 24 35 0 71
19_g.txt 26 14 0 63
1_b.txt 35 21 0 78
1_g.txt 25 20 0 54
20_g.txt 17 11 0 62
21_b.txt 34 38 0 154
21_g.txt 9 15 0 47
22_b.txt 23 17 0 79
22_g.txt 11 4 0 26
23_b.txt 59 35 0 101
23_g.txt 22 15 0 71
24_b.txt 31 22 0 48
24_g.txt 23 19 0 51
25_b.txt 6 3 0 49
25_g.txt 18 17 0 81
26_b.txt 27 27 0 75
26_g.txt 11 12 0 26
27_b.txt 42 34 0 84
27_g.txt 25 16 0 47
28_b.txt 14 4 0 51
28_g.txt 32 23 0 57
29_b.txt 9 9 0 45
29_g.txt 21 19 0 85
2_b.txt 28 20 0 57
2_g.txt 29 21 0 72
30_b.txt 61 41 0 162
30_g.txt 34 25 0 88
31_b.txt 41 30 0 128
31_g.txt 17 18 0 81
32_b.txt 22 30 0 68
32_g.txt 20 10 0 56
33_g.txt 20 23 0 69
34_b.txt 33 36 0 184
34_g.txt 16 15 0 25
35_b.txt 29 18 0 57
35_g.txt 20 22 0 50
37_b.txt 8 14 0 37
38_b.txt 20 29 0 87
38_g.txt 14 6 0 42
39_g.txt 30 19 0 64
3_b.txt 48 43 0 131
3_g.txt 5 1 0 21
40_b.txt 38 23 0 216
41_b.txt 30 18 0 82
41_g.txt 25 15 0 71
42_b.txt 37 32 0 59
42_g.txt 15 16 0 64
43_b.txt 77 49 0 142
43_g.txt 19 16 0 56
44_b.txt 36 25 0 74
44_g.txt 19 20 0 69
45_b.txt 35 38 0 115
45_g.txt 24 14 0 92
46_b.txt 22 20 0 58
46_g.txt 18 11 0 88
47_b.txt 43 44 0 77
47_g.txt 30 16 0 53
48_b.txt 38 10 0 55
48_g.txt 36 9 0 99
49_b.txt 42 26 0 141
49_g.txt 17 22 0 84
4_b.txt 43 38 0 113
4_g.txt 8 11 0 41
50_b.txt 38 30 0 62
50_g.txt 8 8 0 116
5_b.txt 30 23 0 50
5_g.txt 16 18 0 55
6_b.txt 23 28 0 43
6_g.txt 20 10 0 51
7_b.txt 36 18 0 35
7_g.txt 9 5 0 56
8_b.txt 48 42 0 156
8_g.txt 12 10 0 37
9_b.txt 49 25 0 213
9_g.txt 15 19 0 53
